   0.0000000000000000e+00   1.9683560412640260e+00
   5.0000000000000003e-02   2.5401155097640582e+00
   1.0000000000000001e-01   2.6992180590842731e+00
   1.5000000000000002e-01   2.8497851392735480e+00
   2.0000000000000001e-01   2.9164132308893325e+00
   2.5000000000000000e-01   2.9887945295672442e+00
   3.0000000000000004e-01   2.7256130820014515e+00
   3.5000000000000003e-01   2.7249726912711489e+00
   4.0000000000000002e-01   2.2949310330607728e+00
   4.5000000000000001e-01   1.8889106881520503e+00
   5.0000000000000000e-01   1.4211332975180251e+00
   5.5000000000000004e-01   1.0314747810717186e+00
   6.0000000000000009e-01   6.9802593483661057e-01
   6.5000000000000002e-01  -1.0499037138706752e-01
   7.0000000000000007e-01  -1.3350001160592762e-01
   7.5000000000000000e-01  -6.6655901750093582e-01
   8.0000000000000004e-01  -9.3331680496275671e-01
   8.5000000000000009e-01  -1.0891316244775093e+00
   9.0000000000000002e-01  -1.3061677029583867e+00
   9.5000000000000007e-01  -1.6569875140760810e+00
   1.0000000000000000e+00  -1.7015269834301809e+00
   1.0500000000000000e+00  -1.4784542252254362e+00
   1.1000000000000001e+00  -1.5725351706867112e+00
   1.1500000000000001e+00  -1.5368561979064321e+00
   1.2000000000000002e+00  -1.2504504246470898e+00
   1.2500000000000000e+00  -1.0686914119178776e+00
   1.3000000000000000e+00  -9.3959760347356613e-01
   1.3500000000000001e+00  -7.1115792012367318e-01
   1.4000000000000001e+00  -3.3668922189904321e-01
   1.4500000000000002e+00  -3.4415227297928841e-01
   1.5000000000000000e+00   2.0533484505197874e-01
   1.5500000000000000e+00   3.2949218503530159e-01
   1.6000000000000001e+00   3.9854339162142699e-01
   1.6500000000000001e+00   5.6381184532649542e-01
   1.7000000000000002e+00   5.7809891665361235e-01
   1.7500000000000000e+00   6.3776769145106749e-01
   1.8000000000000000e+00   8.2696247360643915e-01
   1.8500000000000001e+00   8.9066820724724505e-01
   1.9000000000000001e+00   9.0851045232450389e-01
   1.9500000000000002e+00   7.1236326643184844e-01
   2.0000000000000000e+00   7.1853749350626717e-01
   2.0500000000000003e+00   7.6933765157813716e-01
   2.1000000000000001e+00   6.9792006666597084e-01
   2.1499999999999999e+00   3.0822116404974675e-01
   2.2000000000000002e+00   4.6536738627047114e-01
   2.2500000000000000e+00   9.7705172582468636e-02
   2.3000000000000003e+00  -7.0671562735974025e-02
   2.3500000000000001e+00  -4.0590067642366286e-02
   2.4000000000000004e+00  -1.9604163510434142e-01
   2.4500000000000002e+00  -1.4565982177718087e-01
   2.5000000000000000e+00  -2.5965272405273288e-01
   2.5499999999999998e+00  -5.3547986299248462e-01
   2.5999999999999996e+00  -7.1755230764097366e-01
   2.6499999999999999e+00  -3.5325261214141146e-01
   2.6999999999999997e+00  -5.0995255027860431e-01
   2.7500000000000000e+00  -2.8861252935968829e-01
   2.7999999999999998e+00  -1.8503628812852196e-01
   2.8500000000000001e+00  -4.1043081919704305e-01
   2.8999999999999999e+00  -1.5080652546909365e-01
   2.9499999999999997e+00  -1.8319894027169192e-01
   3.0000000000000000e+00  -2.0173566406611218e-01
   3.0499999999999998e+00   8.5074312841789693e-02
   3.0999999999999996e+00  -7.5784231060834317e-02
   3.1499999999999999e+00   1.6183236291406872e-01
   3.2000000000000002e+00   2.4835002043505017e-01
   3.2500000000000000e+00  -9.4558614989725773e-02
   3.2999999999999998e+00   4.6828779907812917e-01
   3.3499999999999996e+00   3.2702358751667288e-01
   3.3999999999999999e+00   3.1194295814812040e-01
   3.4500000000000002e+00   1.2959364624636296e-01
   3.5000000000000000e+00   1.8288236474296396e-01
   3.5499999999999998e+00   5.8141442731960286e-02
   3.5999999999999996e+00   5.4346333281654502e-02
   3.6499999999999999e+00   7.2951424612087534e-02
   3.7000000000000002e+00   2.0355709564223870e-01
   3.7500000000000000e+00   3.0671096299140477e-01
   3.7999999999999998e+00   2.2453539253023000e-01
   3.8499999999999996e+00   6.3703089839303728e-04
   3.8999999999999999e+00  -2.0673008997557379e-01
   3.9500000000000002e+00   1.7588448689622557e-02
   4.0000000000000000e+00  -1.1079700111572058e-01
   4.0499999999999998e+00  -2.4338937968371596e-01
   4.0999999999999996e+00  -2.8971565241816981e-02
   4.1500000000000004e+00  -2.9901105997684536e-02
   4.2000000000000002e+00  -1.1400395081135342e-02
   4.2500000000000000e+00  -1.3500489847075375e-01
   4.2999999999999998e+00  -1.5229388200032096e-01
   4.3499999999999996e+00  -1.2740917565903187e-01
   4.4000000000000004e+00  -1.1772676881791497e-01
   4.4500000000000002e+00  -6.7072080061519546e-02
   4.5000000000000000e+00   9.8881921219815011e-02
   4.5499999999999998e+00  -5.1185315647399983e-02
   4.5999999999999996e+00   1.9822950458319201e-02
   4.6500000000000004e+00   1.8563342521856621e-01
   4.7000000000000002e+00  -5.2249182594638538e-02
   4.7500000000000000e+00   7.5136038047436751e-02
   4.7999999999999998e+00   4.3489466293947010e-02
   4.8499999999999996e+00  -6.3868095249882600e-02
   4.9000000000000004e+00  -2.2994379041232910e-01
   4.9500000000000002e+00  -2.0522390027295268e-01
   5.0000000000000000e+00   1.4140869981408358e-02
